0
1
2
3
4
5
6
7
7
3
0
2
4
8
1
7
9
5
3
4
0
10
11
12
13
14
15
16
17
18
19
3
20
8
10
0
4
21
16
14
22
23
3
24
0
4
25
15
26
27
28
29
30
31
32
0
3
4
33
24
34
23
35
29
36
26
25
27
37
24
38
39
40
0
41
42
43
15
44
45
46
24
47
48
49
50
0
51
40
52
39
37
38
45
44
46
53
54
55
56
57
58
38
0
59
60
15
57
61
62
56
38
63
64
54
55
0
65
66
60
59
67
68
69
54
56
38
15
0
70
71
72
38
69
73
70
74
59
75
76
68
77
15
78
56
79
0
65
80
59
59
81
82
0
15
83
84
85
38
86
87
88
89
90
59
91
81
0
82
83
84
86
38
92
15
93
85
94
87
95
96
94
59
38
97
98
97
99
100
101
102
103
104
105
106
107
108
109
110
111
112
113
114
115
116
117
118
119
120
121
122
123
124
125
126
127
128
129
130
131
132
133
134
135
136
133
137
138
139
140
141
142
143
144
145
146
147
148
149
150
151
152
153
154
155
156
157
158
159
160
161
162
163
164
165
166
167
168
169
170
171
172
173
174
175
176
177
15
178
179
180
181
181
182
110
183
113
184
183
102
110
113
184
185
186
187
188
189
187
102
133
190
191
192
193
194
130
135
191
133
195
196
133
197
198
125
199
195
196
200
201
202
203
204
205
206
207
139
208
209
206
210
205
211
212
139
213
214
215
216
144
217
152
218
219
152
220
221
222
223
158
220
224
225
226
227
228
113
229
230
231
232
233
102
234
235
236
237
238
192
130
239
133
240
241
242
243
244
245
246
247
248
249
250
251
252
253
125
211
211
254
255
206
256
212
139
257
258
259
152
260
218
261
262
263
264
265
220
266
267
268
269
232
270
271
272
235
273
274
275
192
276
277
278
279
280
281
282
283
284
133
285
286
287
288
289
290
291
292
293
294
295
125
295
296
297
298
211
299
139
298
211
300
301
302
303
304
305
306
302
206
307
308
309
310
311
312
313
314
218
315
316
317
318
319
218
320
321
322
323
324
325
326
327
328
329
330
331
332
333
334
321
323
335
320
335
336
327
326
175
337
325
328
322
338
330
339
220
331
329
266
321
326
321
340
322
327
341
326
342
343
344
345
326
322
341
335
346
323
347
348
323
327
323
340
321
349
345
350
351
352
266
339
326
321
322
353
326
354
355
356
357
323
335
326
322
327
358
359
360
361
362
353
321
363
357
364
356
326
353
326
326
353
365
322
366
335
367
368
323
369
326
321
365
326
353
370
371
322
372
356
175
368
366
367
353
365
353
373
374
375
370
376
377
373
365
321
353
374
370
