0
1
2
3
4
0
5
6
7
8
9
5
10
11
2
10
12
13
8
14
6
8
12
13
10
11
15
15
12
16
2
8
17
11
18
19
20
21
22
15
2
8
17
15
23
12
2
16
24
25
26
27
15
2
17
28
15
29
2
30
29
30
23
31
8
12
32
2
15
33
34
35
36
37
38
39
2
15
30
2
30
40
8
41
23
41
8
31
42
43
23
12
44
2
30
40
35
45
33
35
33
46
30
2
47
48
12
23
30
8
49
50
51
23
49
48
47
52
8
30
53
54
12
55
33
46
56
35
57
58
35
46
47
59
30
60
61
62
63
62
64
33
33
65
64
63
66
67
68
69
70
71
69
72
71
73
74
75
75
46
76
77
78
79
80
81
82
83
84
85
75
83
84
46
79
75
85
78
76
74
86
87
81
77
88
89
90
91
92
93
94
95
96
97
98
99
100
101
102
103
93
89
104
94
91
99
105
106
100
107
108
109
110
111
112
113
114
89
115
116
117
118
119
120
121
122
123
124
125
89
126
127
114
128
116
129
111
117
130
112
131
122
91
132
120
115
124
133
134
135
136
137
138
139
140
141
134
141
135
142
139
139
140
137
133
143
144
145
146
147
148
149
150
146
149
147
143
144
150
151
152
153
154
152
151
145
155
155
153
156
157
158
159
160
161
33
33
162
163
164
162
46
165
166
70
76
167
56
168
169
167
76
56
168
170
171
84
172
173
174
97
175
82
81
172
176
177
97
84
174
178
79
74
179
174
180
181
180
79
178
181
182
183
89
184
185
186
187
185
188
111
117
189
190
112
191
112
117
192
112
193
111
194
195
124
196
197
198
199
200
201
202
202
197
198
124
195
203
204
205
206
207
141
149
149
208
209
210
208
211
212
56
56
213
76
214
70
97
215
216
217
218
84
219
79
220
221
185
222
223
224
225
226
227
226
188
228
229
230
231
232
233
234
232
235
236
230
112
237
238
111
239
240
190
241
242
197
243
244
245
244
197
243
242
246
247
248
249
250
251
149
252
70
253
254
255
70
256
257
256
258
259
260
261
262
263
264
84
265
266
79
265
84
267
268
220
269
270
220
268
271
272
188
273
274
275
274
188
276
277
278
279
280
281
282
112
283
229
241
284
285
286
287
287
288
289
290
291
292
293
294
295
296
297
298
299
248
300
301
302
303
301
304
305
306
307
308
152
309
310
155
152
310
311
312
313
314
315
316
309
317
155
318
319
320
321
312
307
308
322
323
324
325
326
327
324
327
328
310
307
308
311
329
310
330
331
308
332
330
310
333
334
335
312
332
329
336
336
308
337
338
325
327
339
338
340
341
327
332
308
330
310
330
332
342
343
344
345
343
336
