18
0
1
58
33
119
193
120
120
58
18
1
33
97
0
120
175
119
58
33
18
4
221
194
262
124
266
147
139
195
235
58
113
97
4
18
33
176
147
124
126
127
58
6
18
33
236
266
177
149
222
196
128
28
140
18
58
33
99
6
100
127
286
196
287
177
236
149
101
6
39
159
130
18
154
256
297
266
198
199
200
6
115
131
102
141
18
151
130
160
159
101
39
199
198
200
238
204
179
104
116
117
39
18
67
257
266
116
170
105
104
39
142
205
204
179
18
223
303
257
67
284
133
181
204
104
39
266
18
134
336
311
39
181
224
134
155
67
146
260
133
208
266
225
104
162
18
223
337
67
67
136
137
18
266
152
72
171
39
209
314
363
329
370
67
172
136
18
137
152
72
209
39
254
266
239
171
326
314
339
364
326
67
39
183
296
183
291
374
298
427
333
308
470
227
263
350
318
390
403
387
357
434
475
523
371
501
425
517
476
589
590
388
524
489
538
503
525
477
426
507
539
508
459
509
539
510
478
531
471
571
556
446
435
447
541
591
518
454
460
592
436
504
519
542
490
389
351
442
404
358
543
345
341
461
285
274
369
240
312
228
163
211
241
212
213
320
266
300
328
304
313
313
346
390
380
357
393
380
427
390
357
393
414
395
448
409
405
448
427
539
455
465
479
526
421
477
459
465
539
593
572
539
573
491
524
463
593
572
466
559
595
575
528
505
492
520
531
493
494
492
396
505
568
565
531
456
481
457
512
435
449
436
397
422
436
355
382
347
377
351
355
323
288
342
353
375
357
415
386
398
406
383
427
423
450
443
458
473
479
477
513
539
548
521
467
549
560
561
578
484
596
562
579
529
563
597
524
568
568
564
514
492
550
565
531
338
485
424
436
416
397
410
384
372
376
378
355
348
368
385
400
406
417
418
444
450
445
464
474
479
453
487
468
419
469
488
515
500
522
539
552
497
566
373
532
598
599
553
582
567
583
524
583
585
586
587
568
554
531
587
568
535
516
536
506
555
502
498
536
492
366
429
430
431
411
367
317
420
397
432
412
408
413
379
397
279
76
77
242
114
243
48
156
214
309
330
321
301
334
340
76
242
185
279
185
245
156
48
212
289
243
214
77
324
330
343
355
321
309
348
76
48
76
275
77
156
187
48
319
335
332
305
48
77
187
185
217
242
248
190
242
156
242
275
76
299
305
290
292
302
348
343
48
76
77
9
48
325
277
293
259
242
185
48
77
156
174
252
229
145
218
9
76
307
259
281
293
48
9
48
48
9
109
77
230
185
231
282
242
264
48
76
109
48
9
166
167
77
255
293
212
282
230
231
9
109
9
92
93
265
166
234
220
92
109
76
9
93
166
