0
37
24
72
38
0
120
97
88
77
98
120
2
73
24
2
89
110
77
122
97
77
89
110
2
73
5
5
89
90
24
77
54
73
129
174
159
186
183
5
24
77
54
5
112
89
24
90
113
193
184
198
5
24
54
10
5
103
24
39
103
39
112
142
77
89
130
24
5
208
207
232
187
180
228
225
24
5
39
24
39
15
77
92
112
92
77
142
160
131
112
89
123
24
39
15
232
234
208
232
208
242
39
24
61
106
89
112
39
77
132
151
194
112
132
106
61
144
77
39
135
161
89
168
208
242
270
232
213
280
232
242
61
78
39
190
134
169
274
169
162
208
208
240
162
274
145
466
216
311
319
238
311
467
238
181
406
264
264
242
299
347
386
407
360
333
408
528
393
289
264
528
393
242
407
264
289
386
299
406
278
468
333
347
562
566
490
505
320
506
518
424
425
321
453
442
411
507
551
354
506
566
318
518
505
442
531
322
411
552
383
335
475
579
580
532
533
566
534
535
590
563
491
476
536
437
306
444
564
566
537
492
533
493
535
355
579
590
349
580
426
437
505
350
476
534
444
494
427
287
250
469
495
478
340
307
427
307
287
341
478
478
340
469
494
255
281
188
251
219
178
291
192
251
291
219
255
281
192
182
155
175
146
155
182
188
149
149
175
196
227
222
154
283
197
208
208
229
241
279
229
242
268
259
319
299
361
270
260
290
361
299
270
260
363
343
393
364
429
388
321
375
408
333
364
384
430
321
393
388
414
407
406
454
388
541
481
541
407
414
481
455
565
566
497
519
483
520
519
511
579
590
484
543
580
446
580
590
456
580
498
579
325
485
444
448
457
368
369
544
391
431
431
457
368
444
485
419
337
376
332
459
307
291
291
262
252
351
262
221
209
270
270
301
299
313
319
321
344
366
352
371
393
392
407
470
487
519
488
499
500
545
546
450
546
511
547
567
568
569
570
586
512
570
587
554
568
580
555
573
579
501
513
543
549
394
457
461
433
356
433
457
461
394
439
377
378
357
314
303
291
284
319
315
316
329
319
338
345
338
367
372
403
379
380
421
404
393
440
422
407
440
393
464
502
470
503
489
470
502
474
297
511
525
514
526
514
511
226
574
575
556
557
589
558
580
559
567
549
550
561
285
516
516
465
435
436
451
385
258
452
397
358
253
398
298
378
359
373
353
382
373
317
310
346
48
64
155
147
49
149
155
49
136
124
158
199
36
177
147
166
149
171
125
172
137
124
48
64
191
223
269
249
248
203
269
203
286
49
48
64
136
68
49
17
150
64
14
17
49
179
127
167
124
14
68
139
139
64
173
200
249
203
224
200
202
231
203
14
64
17
49
17
14
60
95
119
71
95
139
