0
1
2
3
4
3
5
6
7
8
9
10
3
3
5
1
10
9
3
11
5
12
1
13
7
14
6
15
8
3
11
5
1
12
8
14
16
1
7
5
12
3
16
17
18
19
20
21
22
23
24
18
5
3
12
1
16
20
24
12
1
5
7
12
6
5
25
26
27
28
1
3
29
30
31
32
33
34
3
28
12
25
35
5
1
36
33
28
25
3
37
5
12
12
6
3
37
5
7
38
25
39
40
41
42
29
25
37
3
5
12
42
37
43
7
6
44
37
43
40
45
46
47
48
49
50
7
51
6
37
46
45
52
6
53
7
54
55
56
57
58
59
60
61
6
53
7
40
60
62
63
64
65
66
64
67
68
69
70
71
72
69
73
40
70
68
74
75
76
77
78
79
80
81
80
82
78
76
77
81
75
79
83
84
85
86
87
88
89
90
91
87
92
83
90
84
93
94
95
96
97
98
99
100
101
102
103
104
105
106
107
108
109
103
98
104
110
111
112
101
113
114
99
115
107
116
117
118
119
120
121
122
116
123
117
118
124
125
122
126
127
128
129
130
131
128
127
132
133
134
134
135
136
137
138
55
139
139
40
137
140
77
140
77
69
141
142
143
144
75
145
144
146
143
147
143
148
147
92
149
150
148
94
151
152
153
154
155
156
157
158
159
153
160
161
94
162
152
163
104
164
165
101
102
166
167
104
168
165
107
169
170
171
172
173
174
175
109
176
176
177
178
109
117
179
180
181
182
183
184
183
185
186
187
188
189
77
190
191
192
193
194
195
190
69
196
197
198
199
75
200
201
202
203
204
150
205
206
207
208
209
210
211
212
94
89
210
213
94
214
215
216
217
160
218
219
160
220
221
222
223
224
101
215
225
226
227
228
229
230
231
232
233
234
167
235
236
237
179
117
238
239
240
241
242
243
244
245
246
246
247
248
249
190
250
251
252
253
254
255
256
257
258
259
260
261
262
263
260
264
265
88
160
266
267
268
269
270
101
271
272
273
222
167
274
275
276
232
277
278
279
280
281
282
283
284
285
286
287
288
289
179
290
291
292
293
294
295
296
297
298
299
300
301
302
303
304
305
306
307
299
308
309
310
303
306
300
299
304
308
302
305
311
310
312
299
313
305
313
314
315
316
317
313
318
319
300
320
321
299
305
313
322
323
324
325
320
313
326
299
319
315
300
313
313
313
305
327
319
328
329
330
319
305
331
328
332
313
313
300
333
334
134
335
336
337
328
319
333
327
313
305
338
330
313
300
337
339
340
341
319
327
332
339
342
313
333
300
313
343
326
344
345
346
347
348
338
349
134
345
342
313
313
319
340
326
339
300
346
350
351
347
327
352
353
354
300
319
313
339
