119
0
114
1
115
1
3
161
152
182
149
183
1
1
3
0
183
149
1
116
3
10
0
120
152
185
161
186
182
1
116
3
0
10
182
185
16
0
152
3
10
1
16
121
98
190
204
243
224
240
191
98
3
1
10
0
16
204
191
10
0
3
152
10
161
3
100
193
118
32
0
1
271
244
241
238
206
264
1
32
10
100
148
3
0
164
206
32
100
1
103
3
10
10
161
1
103
3
152
194
100
242
282
270
245
271
100
103
1
3
10
245
103
87
152
161
175
103
87
282
304
265
294
273
225
167
152
151
161
103
265
304
302
161
267
152
247
274
208
303
306
327
295
333
161
267
152
282
295
298
257
317
229
269
317
212
384
351
278
286
248
351
239
282
278
384
381
392
334
307
390
446
429
342
429
489
390
334
307
342
392
446
464
548
430
490
357
573
491
478
382
357
479
464
478
548
507
492
550
535
363
399
590
370
574
575
508
591
551
552
553
536
466
508
399
591
537
364
374
574
345
593
590
448
553
289
413
328
467
481
452
375
289
449
413
328
482
441
375
483
249
258
385
299
276
258
249
176
226
213
213
227
261
280
251
274
292
292
282
280
386
307
386
307
351
336
431
400
366
392
401
366
415
400
421
400
468
421
479
410
423
468
492
523
485
510
511
494
453
555
495
460
510
556
557
492
538
485
558
591
524
577
574
575
513
539
591
579
577
553
514
470
377
560
515
598
561
466
432
432
498
486
466
413
442
371
411
378
309
288
309
326
252
260
330
315
307
352
337
338
340
365
349
352
351
372
346
379
395
392
406
331
300
301
454
423
412
433
434
407
450
455
473
525
492
491
455
516
492
502
581
503
562
556
540
526
556
527
528
582
517
565
574
581
461
566
599
541
474
462
504
533
487
543
539
505
438
417
442
413
402
380
347
368
350
344
323
332
316
316
354
373
360
352
361
419
397
425
426
457
439
458
459
463
518
529
530
531
518
475
545
573
556
568
546
586
341
587
574
532
569
570
582
539
520
571
476
533
572
534
506
521
477
408
488
522
435
444
451
427
339
442
440
420
409
428
383
398
388
348
369
124
128
256
215
195
209
89
177
196
124
262
319
324
195
177
128
124
209
262
215
89
320
324
312
124
50
89
50
179
198
172
228
50
217
53
128
233
173
124
89
50
277
293
321
290
233
50
111
124
53
198
128
50
50
50
89
60
53
62
218
122
53
89
200
62
180
50
50
128
133
171
213
201
220
253
62
53
133
60
50
89
230
122
50
128
253
72
96
202
53
60
180
72
135
50
133
128
50
174
111
203
143
221
235
237
230
232
213
143
135
50
50
53
96
111
72
128
221
255
211
235
60
83
145
146
128
53
50
72
